{
 "cells": [
  {
   "cell_type": "code",
   "execution_count": 2,
   "metadata": {},
   "outputs": [],
   "source": [
    "import pandas as pd\n",
    "import numpy as np"
   ]
  },
  {
   "cell_type": "code",
   "execution_count": 3,
   "metadata": {},
   "outputs": [
    {
     "data": {
      "text/html": [
       "<div>\n",
       "<style scoped>\n",
       "    .dataframe tbody tr th:only-of-type {\n",
       "        vertical-align: middle;\n",
       "    }\n",
       "\n",
       "    .dataframe tbody tr th {\n",
       "        vertical-align: top;\n",
       "    }\n",
       "\n",
       "    .dataframe thead th {\n",
       "        text-align: right;\n",
       "    }\n",
       "</style>\n",
       "<table border=\"1\" class=\"dataframe\">\n",
       "  <thead>\n",
       "    <tr style=\"text-align: right;\">\n",
       "      <th></th>\n",
       "      <th>A</th>\n",
       "      <th>E</th>\n",
       "      <th>B</th>\n",
       "      <th>D</th>\n",
       "    </tr>\n",
       "  </thead>\n",
       "  <tbody>\n",
       "    <tr>\n",
       "      <th>0</th>\n",
       "      <td>-0.266187</td>\n",
       "      <td>-1.319848</td>\n",
       "      <td>0.453262</td>\n",
       "      <td>-0.309347</td>\n",
       "    </tr>\n",
       "    <tr>\n",
       "      <th>1</th>\n",
       "      <td>-0.204381</td>\n",
       "      <td>0.228310</td>\n",
       "      <td>1.492982</td>\n",
       "      <td>0.676509</td>\n",
       "    </tr>\n",
       "    <tr>\n",
       "      <th>2</th>\n",
       "      <td>0.049993</td>\n",
       "      <td>0.448552</td>\n",
       "      <td>0.809843</td>\n",
       "      <td>0.065600</td>\n",
       "    </tr>\n",
       "    <tr>\n",
       "      <th>3</th>\n",
       "      <td>0.350398</td>\n",
       "      <td>-0.969825</td>\n",
       "      <td>0.183549</td>\n",
       "      <td>-0.669735</td>\n",
       "    </tr>\n",
       "    <tr>\n",
       "      <th>4</th>\n",
       "      <td>1.754701</td>\n",
       "      <td>1.531772</td>\n",
       "      <td>-2.126980</td>\n",
       "      <td>0.387588</td>\n",
       "    </tr>\n",
       "    <tr>\n",
       "      <th>5</th>\n",
       "      <td>-1.108586</td>\n",
       "      <td>0.213274</td>\n",
       "      <td>0.456825</td>\n",
       "      <td>-1.600817</td>\n",
       "    </tr>\n",
       "    <tr>\n",
       "      <th>6</th>\n",
       "      <td>-0.045301</td>\n",
       "      <td>0.276678</td>\n",
       "      <td>-1.058590</td>\n",
       "      <td>0.294034</td>\n",
       "    </tr>\n",
       "    <tr>\n",
       "      <th>7</th>\n",
       "      <td>-0.750228</td>\n",
       "      <td>-1.262224</td>\n",
       "      <td>0.564086</td>\n",
       "      <td>0.828757</td>\n",
       "    </tr>\n",
       "    <tr>\n",
       "      <th>8</th>\n",
       "      <td>-0.013481</td>\n",
       "      <td>0.344049</td>\n",
       "      <td>1.256649</td>\n",
       "      <td>0.477462</td>\n",
       "    </tr>\n",
       "    <tr>\n",
       "      <th>9</th>\n",
       "      <td>0.460353</td>\n",
       "      <td>-0.506098</td>\n",
       "      <td>0.210696</td>\n",
       "      <td>0.975901</td>\n",
       "    </tr>\n",
       "    <tr>\n",
       "      <th>10</th>\n",
       "      <td>-0.509063</td>\n",
       "      <td>0.136521</td>\n",
       "      <td>1.971499</td>\n",
       "      <td>0.399480</td>\n",
       "    </tr>\n",
       "    <tr>\n",
       "      <th>11</th>\n",
       "      <td>-0.008582</td>\n",
       "      <td>0.296192</td>\n",
       "      <td>-0.787428</td>\n",
       "      <td>-0.693464</td>\n",
       "    </tr>\n",
       "    <tr>\n",
       "      <th>12</th>\n",
       "      <td>-1.829879</td>\n",
       "      <td>1.147843</td>\n",
       "      <td>1.218555</td>\n",
       "      <td>-1.783693</td>\n",
       "    </tr>\n",
       "    <tr>\n",
       "      <th>13</th>\n",
       "      <td>-0.257621</td>\n",
       "      <td>0.661525</td>\n",
       "      <td>0.348010</td>\n",
       "      <td>1.219694</td>\n",
       "    </tr>\n",
       "    <tr>\n",
       "      <th>14</th>\n",
       "      <td>1.260727</td>\n",
       "      <td>0.817250</td>\n",
       "      <td>0.976340</td>\n",
       "      <td>0.561456</td>\n",
       "    </tr>\n",
       "    <tr>\n",
       "      <th>15</th>\n",
       "      <td>-0.604139</td>\n",
       "      <td>-1.024287</td>\n",
       "      <td>0.589498</td>\n",
       "      <td>1.358850</td>\n",
       "    </tr>\n",
       "    <tr>\n",
       "      <th>16</th>\n",
       "      <td>0.343881</td>\n",
       "      <td>-0.660412</td>\n",
       "      <td>1.193268</td>\n",
       "      <td>-1.994072</td>\n",
       "    </tr>\n",
       "    <tr>\n",
       "      <th>17</th>\n",
       "      <td>-0.846565</td>\n",
       "      <td>0.730934</td>\n",
       "      <td>-0.899497</td>\n",
       "      <td>0.070168</td>\n",
       "    </tr>\n",
       "    <tr>\n",
       "      <th>18</th>\n",
       "      <td>1.138513</td>\n",
       "      <td>-1.333564</td>\n",
       "      <td>1.974661</td>\n",
       "      <td>-1.148637</td>\n",
       "    </tr>\n",
       "    <tr>\n",
       "      <th>19</th>\n",
       "      <td>0.310987</td>\n",
       "      <td>-0.633363</td>\n",
       "      <td>0.192169</td>\n",
       "      <td>-2.890128</td>\n",
       "    </tr>\n",
       "  </tbody>\n",
       "</table>\n",
       "</div>"
      ],
      "text/plain": [
       "           A         E         B         D\n",
       "0  -0.266187 -1.319848  0.453262 -0.309347\n",
       "1  -0.204381  0.228310  1.492982  0.676509\n",
       "2   0.049993  0.448552  0.809843  0.065600\n",
       "3   0.350398 -0.969825  0.183549 -0.669735\n",
       "4   1.754701  1.531772 -2.126980  0.387588\n",
       "5  -1.108586  0.213274  0.456825 -1.600817\n",
       "6  -0.045301  0.276678 -1.058590  0.294034\n",
       "7  -0.750228 -1.262224  0.564086  0.828757\n",
       "8  -0.013481  0.344049  1.256649  0.477462\n",
       "9   0.460353 -0.506098  0.210696  0.975901\n",
       "10 -0.509063  0.136521  1.971499  0.399480\n",
       "11 -0.008582  0.296192 -0.787428 -0.693464\n",
       "12 -1.829879  1.147843  1.218555 -1.783693\n",
       "13 -0.257621  0.661525  0.348010  1.219694\n",
       "14  1.260727  0.817250  0.976340  0.561456\n",
       "15 -0.604139 -1.024287  0.589498  1.358850\n",
       "16  0.343881 -0.660412  1.193268 -1.994072\n",
       "17 -0.846565  0.730934 -0.899497  0.070168\n",
       "18  1.138513 -1.333564  1.974661 -1.148637\n",
       "19  0.310987 -0.633363  0.192169 -2.890128"
      ]
     },
     "execution_count": 3,
     "metadata": {},
     "output_type": "execute_result"
    }
   ],
   "source": [
    "df = pd.DataFrame(np.random.randn(20,4), columns=['A','E','B','D'])\n",
    "df"
   ]
  },
  {
   "cell_type": "code",
   "execution_count": 4,
   "metadata": {},
   "outputs": [
    {
     "data": {
      "text/html": [
       "<div>\n",
       "<style scoped>\n",
       "    .dataframe tbody tr th:only-of-type {\n",
       "        vertical-align: middle;\n",
       "    }\n",
       "\n",
       "    .dataframe tbody tr th {\n",
       "        vertical-align: top;\n",
       "    }\n",
       "\n",
       "    .dataframe thead th {\n",
       "        text-align: right;\n",
       "    }\n",
       "</style>\n",
       "<table border=\"1\" class=\"dataframe\">\n",
       "  <thead>\n",
       "    <tr style=\"text-align: right;\">\n",
       "      <th></th>\n",
       "      <th>E</th>\n",
       "      <th>D</th>\n",
       "      <th>B</th>\n",
       "      <th>A</th>\n",
       "    </tr>\n",
       "  </thead>\n",
       "  <tbody>\n",
       "    <tr>\n",
       "      <th>0</th>\n",
       "      <td>-1.319848</td>\n",
       "      <td>-0.309347</td>\n",
       "      <td>0.453262</td>\n",
       "      <td>-0.266187</td>\n",
       "    </tr>\n",
       "    <tr>\n",
       "      <th>1</th>\n",
       "      <td>0.228310</td>\n",
       "      <td>0.676509</td>\n",
       "      <td>1.492982</td>\n",
       "      <td>-0.204381</td>\n",
       "    </tr>\n",
       "    <tr>\n",
       "      <th>2</th>\n",
       "      <td>0.448552</td>\n",
       "      <td>0.065600</td>\n",
       "      <td>0.809843</td>\n",
       "      <td>0.049993</td>\n",
       "    </tr>\n",
       "    <tr>\n",
       "      <th>3</th>\n",
       "      <td>-0.969825</td>\n",
       "      <td>-0.669735</td>\n",
       "      <td>0.183549</td>\n",
       "      <td>0.350398</td>\n",
       "    </tr>\n",
       "    <tr>\n",
       "      <th>4</th>\n",
       "      <td>1.531772</td>\n",
       "      <td>0.387588</td>\n",
       "      <td>-2.126980</td>\n",
       "      <td>1.754701</td>\n",
       "    </tr>\n",
       "    <tr>\n",
       "      <th>5</th>\n",
       "      <td>0.213274</td>\n",
       "      <td>-1.600817</td>\n",
       "      <td>0.456825</td>\n",
       "      <td>-1.108586</td>\n",
       "    </tr>\n",
       "    <tr>\n",
       "      <th>6</th>\n",
       "      <td>0.276678</td>\n",
       "      <td>0.294034</td>\n",
       "      <td>-1.058590</td>\n",
       "      <td>-0.045301</td>\n",
       "    </tr>\n",
       "    <tr>\n",
       "      <th>7</th>\n",
       "      <td>-1.262224</td>\n",
       "      <td>0.828757</td>\n",
       "      <td>0.564086</td>\n",
       "      <td>-0.750228</td>\n",
       "    </tr>\n",
       "    <tr>\n",
       "      <th>8</th>\n",
       "      <td>0.344049</td>\n",
       "      <td>0.477462</td>\n",
       "      <td>1.256649</td>\n",
       "      <td>-0.013481</td>\n",
       "    </tr>\n",
       "    <tr>\n",
       "      <th>9</th>\n",
       "      <td>-0.506098</td>\n",
       "      <td>0.975901</td>\n",
       "      <td>0.210696</td>\n",
       "      <td>0.460353</td>\n",
       "    </tr>\n",
       "    <tr>\n",
       "      <th>10</th>\n",
       "      <td>0.136521</td>\n",
       "      <td>0.399480</td>\n",
       "      <td>1.971499</td>\n",
       "      <td>-0.509063</td>\n",
       "    </tr>\n",
       "    <tr>\n",
       "      <th>11</th>\n",
       "      <td>0.296192</td>\n",
       "      <td>-0.693464</td>\n",
       "      <td>-0.787428</td>\n",
       "      <td>-0.008582</td>\n",
       "    </tr>\n",
       "    <tr>\n",
       "      <th>12</th>\n",
       "      <td>1.147843</td>\n",
       "      <td>-1.783693</td>\n",
       "      <td>1.218555</td>\n",
       "      <td>-1.829879</td>\n",
       "    </tr>\n",
       "    <tr>\n",
       "      <th>13</th>\n",
       "      <td>0.661525</td>\n",
       "      <td>1.219694</td>\n",
       "      <td>0.348010</td>\n",
       "      <td>-0.257621</td>\n",
       "    </tr>\n",
       "    <tr>\n",
       "      <th>14</th>\n",
       "      <td>0.817250</td>\n",
       "      <td>0.561456</td>\n",
       "      <td>0.976340</td>\n",
       "      <td>1.260727</td>\n",
       "    </tr>\n",
       "    <tr>\n",
       "      <th>15</th>\n",
       "      <td>-1.024287</td>\n",
       "      <td>1.358850</td>\n",
       "      <td>0.589498</td>\n",
       "      <td>-0.604139</td>\n",
       "    </tr>\n",
       "    <tr>\n",
       "      <th>16</th>\n",
       "      <td>-0.660412</td>\n",
       "      <td>-1.994072</td>\n",
       "      <td>1.193268</td>\n",
       "      <td>0.343881</td>\n",
       "    </tr>\n",
       "    <tr>\n",
       "      <th>17</th>\n",
       "      <td>0.730934</td>\n",
       "      <td>0.070168</td>\n",
       "      <td>-0.899497</td>\n",
       "      <td>-0.846565</td>\n",
       "    </tr>\n",
       "    <tr>\n",
       "      <th>18</th>\n",
       "      <td>-1.333564</td>\n",
       "      <td>-1.148637</td>\n",
       "      <td>1.974661</td>\n",
       "      <td>1.138513</td>\n",
       "    </tr>\n",
       "    <tr>\n",
       "      <th>19</th>\n",
       "      <td>-0.633363</td>\n",
       "      <td>-2.890128</td>\n",
       "      <td>0.192169</td>\n",
       "      <td>0.310987</td>\n",
       "    </tr>\n",
       "  </tbody>\n",
       "</table>\n",
       "</div>"
      ],
      "text/plain": [
       "           E         D         B         A\n",
       "0  -1.319848 -0.309347  0.453262 -0.266187\n",
       "1   0.228310  0.676509  1.492982 -0.204381\n",
       "2   0.448552  0.065600  0.809843  0.049993\n",
       "3  -0.969825 -0.669735  0.183549  0.350398\n",
       "4   1.531772  0.387588 -2.126980  1.754701\n",
       "5   0.213274 -1.600817  0.456825 -1.108586\n",
       "6   0.276678  0.294034 -1.058590 -0.045301\n",
       "7  -1.262224  0.828757  0.564086 -0.750228\n",
       "8   0.344049  0.477462  1.256649 -0.013481\n",
       "9  -0.506098  0.975901  0.210696  0.460353\n",
       "10  0.136521  0.399480  1.971499 -0.509063\n",
       "11  0.296192 -0.693464 -0.787428 -0.008582\n",
       "12  1.147843 -1.783693  1.218555 -1.829879\n",
       "13  0.661525  1.219694  0.348010 -0.257621\n",
       "14  0.817250  0.561456  0.976340  1.260727\n",
       "15 -1.024287  1.358850  0.589498 -0.604139\n",
       "16 -0.660412 -1.994072  1.193268  0.343881\n",
       "17  0.730934  0.070168 -0.899497 -0.846565\n",
       "18 -1.333564 -1.148637  1.974661  1.138513\n",
       "19 -0.633363 -2.890128  0.192169  0.310987"
      ]
     },
     "execution_count": 4,
     "metadata": {},
     "output_type": "execute_result"
    }
   ],
   "source": [
    "#Sorting on index\n",
    "df.sort_index(axis=1, ascending=False) #axis = 1 sorts the column labels"
   ]
  },
  {
   "cell_type": "code",
   "execution_count": 5,
   "metadata": {},
   "outputs": [
    {
     "data": {
      "text/html": [
       "<div>\n",
       "<style scoped>\n",
       "    .dataframe tbody tr th:only-of-type {\n",
       "        vertical-align: middle;\n",
       "    }\n",
       "\n",
       "    .dataframe tbody tr th {\n",
       "        vertical-align: top;\n",
       "    }\n",
       "\n",
       "    .dataframe thead th {\n",
       "        text-align: right;\n",
       "    }\n",
       "</style>\n",
       "<table border=\"1\" class=\"dataframe\">\n",
       "  <thead>\n",
       "    <tr style=\"text-align: right;\">\n",
       "      <th></th>\n",
       "      <th>A</th>\n",
       "      <th>E</th>\n",
       "      <th>B</th>\n",
       "      <th>D</th>\n",
       "    </tr>\n",
       "  </thead>\n",
       "  <tbody>\n",
       "    <tr>\n",
       "      <th>4</th>\n",
       "      <td>1.754701</td>\n",
       "      <td>1.531772</td>\n",
       "      <td>-2.126980</td>\n",
       "      <td>0.387588</td>\n",
       "    </tr>\n",
       "    <tr>\n",
       "      <th>6</th>\n",
       "      <td>-0.045301</td>\n",
       "      <td>0.276678</td>\n",
       "      <td>-1.058590</td>\n",
       "      <td>0.294034</td>\n",
       "    </tr>\n",
       "    <tr>\n",
       "      <th>17</th>\n",
       "      <td>-0.846565</td>\n",
       "      <td>0.730934</td>\n",
       "      <td>-0.899497</td>\n",
       "      <td>0.070168</td>\n",
       "    </tr>\n",
       "    <tr>\n",
       "      <th>11</th>\n",
       "      <td>-0.008582</td>\n",
       "      <td>0.296192</td>\n",
       "      <td>-0.787428</td>\n",
       "      <td>-0.693464</td>\n",
       "    </tr>\n",
       "    <tr>\n",
       "      <th>3</th>\n",
       "      <td>0.350398</td>\n",
       "      <td>-0.969825</td>\n",
       "      <td>0.183549</td>\n",
       "      <td>-0.669735</td>\n",
       "    </tr>\n",
       "    <tr>\n",
       "      <th>19</th>\n",
       "      <td>0.310987</td>\n",
       "      <td>-0.633363</td>\n",
       "      <td>0.192169</td>\n",
       "      <td>-2.890128</td>\n",
       "    </tr>\n",
       "    <tr>\n",
       "      <th>9</th>\n",
       "      <td>0.460353</td>\n",
       "      <td>-0.506098</td>\n",
       "      <td>0.210696</td>\n",
       "      <td>0.975901</td>\n",
       "    </tr>\n",
       "    <tr>\n",
       "      <th>13</th>\n",
       "      <td>-0.257621</td>\n",
       "      <td>0.661525</td>\n",
       "      <td>0.348010</td>\n",
       "      <td>1.219694</td>\n",
       "    </tr>\n",
       "    <tr>\n",
       "      <th>0</th>\n",
       "      <td>-0.266187</td>\n",
       "      <td>-1.319848</td>\n",
       "      <td>0.453262</td>\n",
       "      <td>-0.309347</td>\n",
       "    </tr>\n",
       "    <tr>\n",
       "      <th>5</th>\n",
       "      <td>-1.108586</td>\n",
       "      <td>0.213274</td>\n",
       "      <td>0.456825</td>\n",
       "      <td>-1.600817</td>\n",
       "    </tr>\n",
       "    <tr>\n",
       "      <th>7</th>\n",
       "      <td>-0.750228</td>\n",
       "      <td>-1.262224</td>\n",
       "      <td>0.564086</td>\n",
       "      <td>0.828757</td>\n",
       "    </tr>\n",
       "    <tr>\n",
       "      <th>15</th>\n",
       "      <td>-0.604139</td>\n",
       "      <td>-1.024287</td>\n",
       "      <td>0.589498</td>\n",
       "      <td>1.358850</td>\n",
       "    </tr>\n",
       "    <tr>\n",
       "      <th>2</th>\n",
       "      <td>0.049993</td>\n",
       "      <td>0.448552</td>\n",
       "      <td>0.809843</td>\n",
       "      <td>0.065600</td>\n",
       "    </tr>\n",
       "    <tr>\n",
       "      <th>14</th>\n",
       "      <td>1.260727</td>\n",
       "      <td>0.817250</td>\n",
       "      <td>0.976340</td>\n",
       "      <td>0.561456</td>\n",
       "    </tr>\n",
       "    <tr>\n",
       "      <th>16</th>\n",
       "      <td>0.343881</td>\n",
       "      <td>-0.660412</td>\n",
       "      <td>1.193268</td>\n",
       "      <td>-1.994072</td>\n",
       "    </tr>\n",
       "    <tr>\n",
       "      <th>12</th>\n",
       "      <td>-1.829879</td>\n",
       "      <td>1.147843</td>\n",
       "      <td>1.218555</td>\n",
       "      <td>-1.783693</td>\n",
       "    </tr>\n",
       "    <tr>\n",
       "      <th>8</th>\n",
       "      <td>-0.013481</td>\n",
       "      <td>0.344049</td>\n",
       "      <td>1.256649</td>\n",
       "      <td>0.477462</td>\n",
       "    </tr>\n",
       "    <tr>\n",
       "      <th>1</th>\n",
       "      <td>-0.204381</td>\n",
       "      <td>0.228310</td>\n",
       "      <td>1.492982</td>\n",
       "      <td>0.676509</td>\n",
       "    </tr>\n",
       "    <tr>\n",
       "      <th>10</th>\n",
       "      <td>-0.509063</td>\n",
       "      <td>0.136521</td>\n",
       "      <td>1.971499</td>\n",
       "      <td>0.399480</td>\n",
       "    </tr>\n",
       "    <tr>\n",
       "      <th>18</th>\n",
       "      <td>1.138513</td>\n",
       "      <td>-1.333564</td>\n",
       "      <td>1.974661</td>\n",
       "      <td>-1.148637</td>\n",
       "    </tr>\n",
       "  </tbody>\n",
       "</table>\n",
       "</div>"
      ],
      "text/plain": [
       "           A         E         B         D\n",
       "4   1.754701  1.531772 -2.126980  0.387588\n",
       "6  -0.045301  0.276678 -1.058590  0.294034\n",
       "17 -0.846565  0.730934 -0.899497  0.070168\n",
       "11 -0.008582  0.296192 -0.787428 -0.693464\n",
       "3   0.350398 -0.969825  0.183549 -0.669735\n",
       "19  0.310987 -0.633363  0.192169 -2.890128\n",
       "9   0.460353 -0.506098  0.210696  0.975901\n",
       "13 -0.257621  0.661525  0.348010  1.219694\n",
       "0  -0.266187 -1.319848  0.453262 -0.309347\n",
       "5  -1.108586  0.213274  0.456825 -1.600817\n",
       "7  -0.750228 -1.262224  0.564086  0.828757\n",
       "15 -0.604139 -1.024287  0.589498  1.358850\n",
       "2   0.049993  0.448552  0.809843  0.065600\n",
       "14  1.260727  0.817250  0.976340  0.561456\n",
       "16  0.343881 -0.660412  1.193268 -1.994072\n",
       "12 -1.829879  1.147843  1.218555 -1.783693\n",
       "8  -0.013481  0.344049  1.256649  0.477462\n",
       "1  -0.204381  0.228310  1.492982  0.676509\n",
       "10 -0.509063  0.136521  1.971499  0.399480\n",
       "18  1.138513 -1.333564  1.974661 -1.148637"
      ]
     },
     "execution_count": 5,
     "metadata": {},
     "output_type": "execute_result"
    }
   ],
   "source": [
    "#Sort on column value\n",
    "df.sort_values(by='B')"
   ]
  },
  {
   "cell_type": "code",
   "execution_count": 6,
   "metadata": {},
   "outputs": [
    {
     "data": {
      "text/html": [
       "<div>\n",
       "<style scoped>\n",
       "    .dataframe tbody tr th:only-of-type {\n",
       "        vertical-align: middle;\n",
       "    }\n",
       "\n",
       "    .dataframe tbody tr th {\n",
       "        vertical-align: top;\n",
       "    }\n",
       "\n",
       "    .dataframe thead th {\n",
       "        text-align: right;\n",
       "    }\n",
       "</style>\n",
       "<table border=\"1\" class=\"dataframe\">\n",
       "  <thead>\n",
       "    <tr style=\"text-align: right;\">\n",
       "      <th></th>\n",
       "      <th>A</th>\n",
       "      <th>E</th>\n",
       "      <th>B</th>\n",
       "      <th>D</th>\n",
       "      <th>C</th>\n",
       "    </tr>\n",
       "  </thead>\n",
       "  <tbody>\n",
       "    <tr>\n",
       "      <th>0</th>\n",
       "      <td>-0.266187</td>\n",
       "      <td>-1.319848</td>\n",
       "      <td>0.453262</td>\n",
       "      <td>-0.309347</td>\n",
       "      <td>1.0</td>\n",
       "    </tr>\n",
       "    <tr>\n",
       "      <th>1</th>\n",
       "      <td>-0.204381</td>\n",
       "      <td>0.228310</td>\n",
       "      <td>1.492982</td>\n",
       "      <td>0.676509</td>\n",
       "      <td>1.0</td>\n",
       "    </tr>\n",
       "    <tr>\n",
       "      <th>2</th>\n",
       "      <td>0.049993</td>\n",
       "      <td>0.448552</td>\n",
       "      <td>0.809843</td>\n",
       "      <td>0.065600</td>\n",
       "      <td>NaN</td>\n",
       "    </tr>\n",
       "    <tr>\n",
       "      <th>3</th>\n",
       "      <td>0.350398</td>\n",
       "      <td>-0.969825</td>\n",
       "      <td>0.183549</td>\n",
       "      <td>-0.669735</td>\n",
       "      <td>NaN</td>\n",
       "    </tr>\n",
       "  </tbody>\n",
       "</table>\n",
       "</div>"
      ],
      "text/plain": [
       "          A         E         B         D    C\n",
       "0 -0.266187 -1.319848  0.453262 -0.309347  1.0\n",
       "1 -0.204381  0.228310  1.492982  0.676509  1.0\n",
       "2  0.049993  0.448552  0.809843  0.065600  NaN\n",
       "3  0.350398 -0.969825  0.183549 -0.669735  NaN"
      ]
     },
     "execution_count": 6,
     "metadata": {},
     "output_type": "execute_result"
    }
   ],
   "source": [
    "# Adding a new column through reindexing\n",
    "df1 = df.reindex(index=df.index[0:4],\n",
    "                columns=list(df.columns) + ['C'])\n",
    "\n",
    "df1.loc[0:1,'C'] = 1\n",
    "df1"
   ]
  },
  {
   "cell_type": "code",
   "execution_count": 7,
   "metadata": {},
   "outputs": [
    {
     "data": {
      "text/html": [
       "<div>\n",
       "<style scoped>\n",
       "    .dataframe tbody tr th:only-of-type {\n",
       "        vertical-align: middle;\n",
       "    }\n",
       "\n",
       "    .dataframe tbody tr th {\n",
       "        vertical-align: top;\n",
       "    }\n",
       "\n",
       "    .dataframe thead th {\n",
       "        text-align: right;\n",
       "    }\n",
       "</style>\n",
       "<table border=\"1\" class=\"dataframe\">\n",
       "  <thead>\n",
       "    <tr style=\"text-align: right;\">\n",
       "      <th></th>\n",
       "      <th>A</th>\n",
       "      <th>E</th>\n",
       "      <th>B</th>\n",
       "      <th>D</th>\n",
       "      <th>C</th>\n",
       "    </tr>\n",
       "  </thead>\n",
       "  <tbody>\n",
       "    <tr>\n",
       "      <th>0</th>\n",
       "      <td>-0.266187</td>\n",
       "      <td>-1.319848</td>\n",
       "      <td>0.453262</td>\n",
       "      <td>-0.309347</td>\n",
       "      <td>1.0</td>\n",
       "    </tr>\n",
       "    <tr>\n",
       "      <th>1</th>\n",
       "      <td>-0.204381</td>\n",
       "      <td>0.228310</td>\n",
       "      <td>1.492982</td>\n",
       "      <td>0.676509</td>\n",
       "      <td>1.0</td>\n",
       "    </tr>\n",
       "  </tbody>\n",
       "</table>\n",
       "</div>"
      ],
      "text/plain": [
       "          A         E         B         D    C\n",
       "0 -0.266187 -1.319848  0.453262 -0.309347  1.0\n",
       "1 -0.204381  0.228310  1.492982  0.676509  1.0"
      ]
     },
     "execution_count": 7,
     "metadata": {},
     "output_type": "execute_result"
    }
   ],
   "source": [
    "# Dropping rows with missing values\n",
    "df1.dropna(how='any') # Returns a copy"
   ]
  },
  {
   "cell_type": "code",
   "execution_count": 8,
   "metadata": {},
   "outputs": [
    {
     "data": {
      "text/html": [
       "<div>\n",
       "<style scoped>\n",
       "    .dataframe tbody tr th:only-of-type {\n",
       "        vertical-align: middle;\n",
       "    }\n",
       "\n",
       "    .dataframe tbody tr th {\n",
       "        vertical-align: top;\n",
       "    }\n",
       "\n",
       "    .dataframe thead th {\n",
       "        text-align: right;\n",
       "    }\n",
       "</style>\n",
       "<table border=\"1\" class=\"dataframe\">\n",
       "  <thead>\n",
       "    <tr style=\"text-align: right;\">\n",
       "      <th></th>\n",
       "      <th>A</th>\n",
       "      <th>E</th>\n",
       "      <th>B</th>\n",
       "      <th>D</th>\n",
       "      <th>C</th>\n",
       "    </tr>\n",
       "  </thead>\n",
       "  <tbody>\n",
       "    <tr>\n",
       "      <th>0</th>\n",
       "      <td>-0.266187</td>\n",
       "      <td>-1.319848</td>\n",
       "      <td>0.453262</td>\n",
       "      <td>-0.309347</td>\n",
       "      <td>1.0</td>\n",
       "    </tr>\n",
       "    <tr>\n",
       "      <th>1</th>\n",
       "      <td>-0.204381</td>\n",
       "      <td>0.228310</td>\n",
       "      <td>1.492982</td>\n",
       "      <td>0.676509</td>\n",
       "      <td>1.0</td>\n",
       "    </tr>\n",
       "    <tr>\n",
       "      <th>2</th>\n",
       "      <td>0.049993</td>\n",
       "      <td>0.448552</td>\n",
       "      <td>0.809843</td>\n",
       "      <td>0.065600</td>\n",
       "      <td>5.0</td>\n",
       "    </tr>\n",
       "    <tr>\n",
       "      <th>3</th>\n",
       "      <td>0.350398</td>\n",
       "      <td>-0.969825</td>\n",
       "      <td>0.183549</td>\n",
       "      <td>-0.669735</td>\n",
       "      <td>5.0</td>\n",
       "    </tr>\n",
       "  </tbody>\n",
       "</table>\n",
       "</div>"
      ],
      "text/plain": [
       "          A         E         B         D    C\n",
       "0 -0.266187 -1.319848  0.453262 -0.309347  1.0\n",
       "1 -0.204381  0.228310  1.492982  0.676509  1.0\n",
       "2  0.049993  0.448552  0.809843  0.065600  5.0\n",
       "3  0.350398 -0.969825  0.183549 -0.669735  5.0"
      ]
     },
     "execution_count": 8,
     "metadata": {},
     "output_type": "execute_result"
    }
   ],
   "source": [
    "# Filling missing data\n",
    "df1.fillna(value=5)"
   ]
  },
  {
   "cell_type": "code",
   "execution_count": 9,
   "metadata": {},
   "outputs": [
    {
     "data": {
      "text/html": [
       "<div>\n",
       "<style scoped>\n",
       "    .dataframe tbody tr th:only-of-type {\n",
       "        vertical-align: middle;\n",
       "    }\n",
       "\n",
       "    .dataframe tbody tr th {\n",
       "        vertical-align: top;\n",
       "    }\n",
       "\n",
       "    .dataframe thead th {\n",
       "        text-align: right;\n",
       "    }\n",
       "</style>\n",
       "<table border=\"1\" class=\"dataframe\">\n",
       "  <thead>\n",
       "    <tr style=\"text-align: right;\">\n",
       "      <th></th>\n",
       "      <th>A</th>\n",
       "      <th>E</th>\n",
       "      <th>B</th>\n",
       "      <th>D</th>\n",
       "      <th>C</th>\n",
       "    </tr>\n",
       "  </thead>\n",
       "  <tbody>\n",
       "    <tr>\n",
       "      <th>0</th>\n",
       "      <td>False</td>\n",
       "      <td>False</td>\n",
       "      <td>False</td>\n",
       "      <td>False</td>\n",
       "      <td>False</td>\n",
       "    </tr>\n",
       "    <tr>\n",
       "      <th>1</th>\n",
       "      <td>False</td>\n",
       "      <td>False</td>\n",
       "      <td>False</td>\n",
       "      <td>False</td>\n",
       "      <td>False</td>\n",
       "    </tr>\n",
       "    <tr>\n",
       "      <th>2</th>\n",
       "      <td>False</td>\n",
       "      <td>False</td>\n",
       "      <td>False</td>\n",
       "      <td>False</td>\n",
       "      <td>True</td>\n",
       "    </tr>\n",
       "    <tr>\n",
       "      <th>3</th>\n",
       "      <td>False</td>\n",
       "      <td>False</td>\n",
       "      <td>False</td>\n",
       "      <td>False</td>\n",
       "      <td>True</td>\n",
       "    </tr>\n",
       "  </tbody>\n",
       "</table>\n",
       "</div>"
      ],
      "text/plain": [
       "       A      E      B      D      C\n",
       "0  False  False  False  False  False\n",
       "1  False  False  False  False  False\n",
       "2  False  False  False  False   True\n",
       "3  False  False  False  False   True"
      ]
     },
     "execution_count": 9,
     "metadata": {},
     "output_type": "execute_result"
    }
   ],
   "source": [
    "# Getting a boolean mask\n",
    "df1.isna()"
   ]
  },
  {
   "cell_type": "code",
   "execution_count": 10,
   "metadata": {},
   "outputs": [
    {
     "data": {
      "text/plain": [
       "A   -0.038723\n",
       "E   -0.043836\n",
       "B    0.450970\n",
       "D   -0.188720\n",
       "dtype: float64"
      ]
     },
     "execution_count": 10,
     "metadata": {},
     "output_type": "execute_result"
    }
   ],
   "source": [
    "# Operations on data\n",
    "df.mean() #column means"
   ]
  },
  {
   "cell_type": "code",
   "execution_count": 11,
   "metadata": {},
   "outputs": [
    {
     "data": {
      "text/plain": [
       "0    -0.360530\n",
       "1     0.548355\n",
       "2     0.343497\n",
       "3    -0.276403\n",
       "4     0.386770\n",
       "5    -0.509826\n",
       "6    -0.133295\n",
       "7    -0.154902\n",
       "8     0.516170\n",
       "9     0.285213\n",
       "10    0.499609\n",
       "11   -0.298321\n",
       "12   -0.311793\n",
       "13    0.492902\n",
       "14    0.903943\n",
       "15    0.079980\n",
       "16   -0.279334\n",
       "17   -0.236240\n",
       "18    0.157743\n",
       "19   -0.755084\n",
       "dtype: float64"
      ]
     },
     "execution_count": 11,
     "metadata": {},
     "output_type": "execute_result"
    }
   ],
   "source": [
    "df.mean(1) #row means"
   ]
  },
  {
   "cell_type": "code",
   "execution_count": 12,
   "metadata": {},
   "outputs": [
    {
     "data": {
      "text/html": [
       "<div>\n",
       "<style scoped>\n",
       "    .dataframe tbody tr th:only-of-type {\n",
       "        vertical-align: middle;\n",
       "    }\n",
       "\n",
       "    .dataframe tbody tr th {\n",
       "        vertical-align: top;\n",
       "    }\n",
       "\n",
       "    .dataframe thead th {\n",
       "        text-align: right;\n",
       "    }\n",
       "</style>\n",
       "<table border=\"1\" class=\"dataframe\">\n",
       "  <thead>\n",
       "    <tr style=\"text-align: right;\">\n",
       "      <th></th>\n",
       "      <th>A</th>\n",
       "      <th>E</th>\n",
       "      <th>B</th>\n",
       "      <th>D</th>\n",
       "    </tr>\n",
       "  </thead>\n",
       "  <tbody>\n",
       "    <tr>\n",
       "      <th>0</th>\n",
       "      <td>-0.266187</td>\n",
       "      <td>-1.319848</td>\n",
       "      <td>0.453262</td>\n",
       "      <td>-0.309347</td>\n",
       "    </tr>\n",
       "    <tr>\n",
       "      <th>1</th>\n",
       "      <td>-0.204381</td>\n",
       "      <td>0.228310</td>\n",
       "      <td>1.492982</td>\n",
       "      <td>0.676509</td>\n",
       "    </tr>\n",
       "    <tr>\n",
       "      <th>2</th>\n",
       "      <td>0.049993</td>\n",
       "      <td>0.448552</td>\n",
       "      <td>0.809843</td>\n",
       "      <td>0.065600</td>\n",
       "    </tr>\n",
       "    <tr>\n",
       "      <th>3</th>\n",
       "      <td>0.350398</td>\n",
       "      <td>-0.969825</td>\n",
       "      <td>0.183549</td>\n",
       "      <td>-0.669735</td>\n",
       "    </tr>\n",
       "    <tr>\n",
       "      <th>4</th>\n",
       "      <td>1.754701</td>\n",
       "      <td>1.531772</td>\n",
       "      <td>-2.126980</td>\n",
       "      <td>0.387588</td>\n",
       "    </tr>\n",
       "    <tr>\n",
       "      <th>5</th>\n",
       "      <td>-1.108586</td>\n",
       "      <td>0.213274</td>\n",
       "      <td>0.456825</td>\n",
       "      <td>-1.600817</td>\n",
       "    </tr>\n",
       "    <tr>\n",
       "      <th>6</th>\n",
       "      <td>-0.045301</td>\n",
       "      <td>0.276678</td>\n",
       "      <td>-1.058590</td>\n",
       "      <td>0.294034</td>\n",
       "    </tr>\n",
       "    <tr>\n",
       "      <th>7</th>\n",
       "      <td>-0.750228</td>\n",
       "      <td>-1.262224</td>\n",
       "      <td>0.564086</td>\n",
       "      <td>0.828757</td>\n",
       "    </tr>\n",
       "    <tr>\n",
       "      <th>8</th>\n",
       "      <td>-0.013481</td>\n",
       "      <td>0.344049</td>\n",
       "      <td>1.256649</td>\n",
       "      <td>0.477462</td>\n",
       "    </tr>\n",
       "    <tr>\n",
       "      <th>9</th>\n",
       "      <td>0.460353</td>\n",
       "      <td>-0.506098</td>\n",
       "      <td>0.210696</td>\n",
       "      <td>0.975901</td>\n",
       "    </tr>\n",
       "    <tr>\n",
       "      <th>10</th>\n",
       "      <td>-0.509063</td>\n",
       "      <td>0.136521</td>\n",
       "      <td>1.971499</td>\n",
       "      <td>0.399480</td>\n",
       "    </tr>\n",
       "    <tr>\n",
       "      <th>11</th>\n",
       "      <td>-0.008582</td>\n",
       "      <td>0.296192</td>\n",
       "      <td>-0.787428</td>\n",
       "      <td>-0.693464</td>\n",
       "    </tr>\n",
       "    <tr>\n",
       "      <th>12</th>\n",
       "      <td>-1.829879</td>\n",
       "      <td>1.147843</td>\n",
       "      <td>1.218555</td>\n",
       "      <td>-1.783693</td>\n",
       "    </tr>\n",
       "    <tr>\n",
       "      <th>13</th>\n",
       "      <td>-0.257621</td>\n",
       "      <td>0.661525</td>\n",
       "      <td>0.348010</td>\n",
       "      <td>1.219694</td>\n",
       "    </tr>\n",
       "    <tr>\n",
       "      <th>14</th>\n",
       "      <td>1.260727</td>\n",
       "      <td>0.817250</td>\n",
       "      <td>0.976340</td>\n",
       "      <td>0.561456</td>\n",
       "    </tr>\n",
       "    <tr>\n",
       "      <th>15</th>\n",
       "      <td>-0.604139</td>\n",
       "      <td>-1.024287</td>\n",
       "      <td>0.589498</td>\n",
       "      <td>1.358850</td>\n",
       "    </tr>\n",
       "    <tr>\n",
       "      <th>16</th>\n",
       "      <td>0.343881</td>\n",
       "      <td>-0.660412</td>\n",
       "      <td>1.193268</td>\n",
       "      <td>-1.994072</td>\n",
       "    </tr>\n",
       "    <tr>\n",
       "      <th>17</th>\n",
       "      <td>-0.846565</td>\n",
       "      <td>0.730934</td>\n",
       "      <td>-0.899497</td>\n",
       "      <td>0.070168</td>\n",
       "    </tr>\n",
       "    <tr>\n",
       "      <th>18</th>\n",
       "      <td>1.138513</td>\n",
       "      <td>-1.333564</td>\n",
       "      <td>1.974661</td>\n",
       "      <td>-1.148637</td>\n",
       "    </tr>\n",
       "    <tr>\n",
       "      <th>19</th>\n",
       "      <td>0.310987</td>\n",
       "      <td>-0.633363</td>\n",
       "      <td>0.192169</td>\n",
       "      <td>-2.890128</td>\n",
       "    </tr>\n",
       "  </tbody>\n",
       "</table>\n",
       "</div>"
      ],
      "text/plain": [
       "           A         E         B         D\n",
       "0  -0.266187 -1.319848  0.453262 -0.309347\n",
       "1  -0.204381  0.228310  1.492982  0.676509\n",
       "2   0.049993  0.448552  0.809843  0.065600\n",
       "3   0.350398 -0.969825  0.183549 -0.669735\n",
       "4   1.754701  1.531772 -2.126980  0.387588\n",
       "5  -1.108586  0.213274  0.456825 -1.600817\n",
       "6  -0.045301  0.276678 -1.058590  0.294034\n",
       "7  -0.750228 -1.262224  0.564086  0.828757\n",
       "8  -0.013481  0.344049  1.256649  0.477462\n",
       "9   0.460353 -0.506098  0.210696  0.975901\n",
       "10 -0.509063  0.136521  1.971499  0.399480\n",
       "11 -0.008582  0.296192 -0.787428 -0.693464\n",
       "12 -1.829879  1.147843  1.218555 -1.783693\n",
       "13 -0.257621  0.661525  0.348010  1.219694\n",
       "14  1.260727  0.817250  0.976340  0.561456\n",
       "15 -0.604139 -1.024287  0.589498  1.358850\n",
       "16  0.343881 -0.660412  1.193268 -1.994072\n",
       "17 -0.846565  0.730934 -0.899497  0.070168\n",
       "18  1.138513 -1.333564  1.974661 -1.148637\n",
       "19  0.310987 -0.633363  0.192169 -2.890128"
      ]
     },
     "execution_count": 12,
     "metadata": {},
     "output_type": "execute_result"
    }
   ],
   "source": [
    "df"
   ]
  },
  {
   "cell_type": "code",
   "execution_count": 13,
   "metadata": {},
   "outputs": [
    {
     "data": {
      "text/plain": [
       "0    1.0\n",
       "1    3.0\n",
       "2    5.0\n",
       "3    NaN\n",
       "4    6.0\n",
       "5    8.0\n",
       "dtype: float64"
      ]
     },
     "execution_count": 13,
     "metadata": {},
     "output_type": "execute_result"
    }
   ],
   "source": [
    "s = pd.Series([1,3,5,np.nan,6,8])\n",
    "s"
   ]
  },
  {
   "cell_type": "code",
   "execution_count": 14,
   "metadata": {},
   "outputs": [
    {
     "data": {
      "text/html": [
       "<div>\n",
       "<style scoped>\n",
       "    .dataframe tbody tr th:only-of-type {\n",
       "        vertical-align: middle;\n",
       "    }\n",
       "\n",
       "    .dataframe tbody tr th {\n",
       "        vertical-align: top;\n",
       "    }\n",
       "\n",
       "    .dataframe thead th {\n",
       "        text-align: right;\n",
       "    }\n",
       "</style>\n",
       "<table border=\"1\" class=\"dataframe\">\n",
       "  <thead>\n",
       "    <tr style=\"text-align: right;\">\n",
       "      <th></th>\n",
       "      <th>A</th>\n",
       "      <th>E</th>\n",
       "      <th>B</th>\n",
       "      <th>D</th>\n",
       "    </tr>\n",
       "  </thead>\n",
       "  <tbody>\n",
       "    <tr>\n",
       "      <th>0</th>\n",
       "      <td>-1.266187</td>\n",
       "      <td>-2.319848</td>\n",
       "      <td>-0.546738</td>\n",
       "      <td>-1.309347</td>\n",
       "    </tr>\n",
       "    <tr>\n",
       "      <th>1</th>\n",
       "      <td>-3.204381</td>\n",
       "      <td>-2.771690</td>\n",
       "      <td>-1.507018</td>\n",
       "      <td>-2.323491</td>\n",
       "    </tr>\n",
       "    <tr>\n",
       "      <th>2</th>\n",
       "      <td>-4.950007</td>\n",
       "      <td>-4.551448</td>\n",
       "      <td>-4.190157</td>\n",
       "      <td>-4.934400</td>\n",
       "    </tr>\n",
       "    <tr>\n",
       "      <th>3</th>\n",
       "      <td>NaN</td>\n",
       "      <td>NaN</td>\n",
       "      <td>NaN</td>\n",
       "      <td>NaN</td>\n",
       "    </tr>\n",
       "    <tr>\n",
       "      <th>4</th>\n",
       "      <td>-4.245299</td>\n",
       "      <td>-4.468228</td>\n",
       "      <td>-8.126980</td>\n",
       "      <td>-5.612412</td>\n",
       "    </tr>\n",
       "    <tr>\n",
